  -9.9999999999999978E-002   3.2247180279075791E-002   1.6768138894693238E-003
  0.80100000000000005       0.11927147548309684        3.1318866538792537E-003
   1.7020000000000000       0.20407566351564443        4.0180063143736922E-003
   2.6029999999999998       0.29418823922305115        4.7657879032616222E-003
   3.5039999999999996       0.38927748245054733        5.4238566844896632E-003
   4.4049999999999994       0.46430173855665952        5.8859951087627234E-003
   5.3059999999999992       0.56046839599409581        6.4438196478221786E-003
   6.2069999999999990       0.64886890242338469        6.8952460106993874E-003
   7.1079999999999988       0.74294072775538367        7.3662616464502612E-003
   8.0089999999999986       0.83108868147088955        7.7535919713157125E-003
   8.9099999999999984       0.92164327288414216        8.1444932380970655E-003
   9.8109999999999982       0.98792388923694618        8.4111572492137424E-003
   10.711999999999998        1.0886119660046367        8.8206090833112608E-003
   11.612999999999998        1.1813063012633118        9.1784222613333875E-003
   12.513999999999998        1.2562122701151690        9.4607788856311513E-003
   13.414999999999997        1.3678235833280916        9.8637959847119126E-003
   14.315999999999997        1.4397679514414818        1.0113653725926266E-002
   15.216999999999999        1.5358551499280551        1.0452152464956940E-002
   16.117999999999999        1.6357980594316650        1.0789378321445893E-002
   17.018999999999998        1.6985805609028695        1.0989741491781765E-002
   17.919999999999998        1.7955048275062249        1.1314096181778420E-002
   18.820999999999998        1.8867600249319720        1.1612906182102100E-002
   19.721999999999998        1.9634112066360481        1.1861344757064216E-002
   20.622999999999998        2.0161631107981530        1.2023032379100507E-002
   21.523999999999997        2.1239776528745851        1.2360298596793032E-002
   22.424999999999997        2.2160152748848509        1.2639603015571245E-002
   23.325999999999997        2.2895807371190409        1.2890399919178265E-002
   24.226999999999997        2.3448798271221478        1.3063120285189932E-002
   25.127999999999997        2.4367259150901077        1.3342990637438022E-002
   26.028999999999996        2.5317564353594357        1.3635513674372341E-002
   26.929999999999996        2.6089980028261834        1.3857827060054295E-002
   27.830999999999996        2.6559105811213195        1.4020228406910964E-002
   28.731999999999996        2.7365681410814151        1.4284124503977549E-002
   29.632999999999996        2.8066388014122587        1.4499747376134684E-002
   30.533999999999995        2.9263001504211688        1.4848948315289313E-002
   31.434999999999999        2.9989136579370945        1.5085728787057951E-002
   32.335999999999999        3.0382794459413169        1.5217553995365399E-002
   33.237000000000002        3.1532349827582844        1.5556269183876422E-002
   34.138000000000005        3.1833328164648331        1.5693022311839281E-002
   35.039000000000009        3.2787522342674089        1.5987431234394684E-002
   35.940000000000012        3.3384134482294465        1.6187701419799017E-002
   36.841000000000015        3.4320672878229828        1.6481071244005774E-002
   37.742000000000019        3.4812720907821957        1.6650438416553448E-002
   38.643000000000022        3.5337175200142084        1.6825507123079952E-002
   39.544000000000025        3.6121611993668505        1.7097965502133772E-002
   40.445000000000029        3.7033277670674920        1.7385802960291585E-002
   41.346000000000032        3.7772017030044474        1.7623306670744649E-002
   42.247000000000035        3.7972802789530267        1.7747612726517478E-002
   43.148000000000039        3.8654249280236175        1.8023512741131644E-002
   44.049000000000042        3.9292244492322430        1.8229364411928597E-002
   44.950000000000045        4.0052482058171099        1.8505442202731859E-002
   45.851000000000049        4.0458233092511371        1.8672343706845500E-002
   46.752000000000052        4.1307466167202449        1.8956055561949143E-002
   47.653000000000056        4.1506539351201397        1.9091497136068974E-002
   48.554000000000059        4.1829358705574400        1.9261219583587712E-002
   49.455000000000062        4.3011161984585531        1.9626452610593821E-002
   50.356000000000066        4.3455146898299573        1.9832244659241934E-002
   51.257000000000069        4.3892961211076935        2.0038475013694507E-002
   52.158000000000072        4.4387871772902709        2.0239588130388807E-002
   53.059000000000076        4.5077095434182040        2.0492803235623278E-002
   53.960000000000079        4.5716816014287707        2.0757456041680247E-002
   54.861000000000082        4.5739127108441622        2.0873010796091451E-002
   55.762000000000086        4.6262329807181954        2.1079389011718876E-002
   56.663000000000089        4.6514034410760052        2.1248057311131396E-002
   57.564000000000092        4.7425323942299729        2.1571083678296580E-002
   58.465000000000096        4.7789051739415802        2.1737959078931026E-002
   59.366000000000099        4.8443630021872730        2.2026515426291842E-002
   60.267000000000102        4.8508615877041175        2.2148550559320496E-002
   61.168000000000106        4.9033616105880116        2.2366122713534643E-002
   62.069000000000109        4.9658598560407929        2.2611921586524694E-002
   62.970000000000113        4.9870841073944625        2.2792236594239217E-002
   63.871000000000116        5.0177222105024155        2.2983361979144013E-002
   64.772000000000119        5.0748882188703011        2.3231468966460247E-002
   65.673000000000116        5.1358079230818765        2.3425452010457724E-002
   66.574000000000112        5.1030117346328163        2.3493898477744444E-002
   67.475000000000108        5.1531210578921769        2.3722222130498939E-002
   68.376000000000104        5.2036667554598015        2.3934683729130844E-002
   69.277000000000100        5.2581801925070879        2.4214084073310629E-002
   70.178000000000097        5.2533637222580616        2.4250162142600073E-002
   71.079000000000093        5.2866837817328589        2.4437964435761465E-002
   71.980000000000089        5.2928510108563209        2.4544618873971091E-002
   72.881000000000085        5.3031957257561766        2.4635908459877332E-002
   73.782000000000082        5.3243037932302881        2.4805919308932285E-002
   74.683000000000078        5.3749239188486895        2.5004337034732853E-002
   75.584000000000074        5.4073763141987463        2.5140954353385075E-002
   76.485000000000070        5.4123308710318678        2.5274301882221732E-002
   77.386000000000067        5.4234031284547788        2.5404305597777403E-002
   78.287000000000063        5.4685908472657090        2.5575653465446508E-002
   79.188000000000059        5.4226519678163845        2.5517312522101633E-002
   80.089000000000055        5.4747689765866889        2.5708087051399924E-002
   80.990000000000052        5.4952193415199195        2.5789889237057686E-002
   81.891000000000048        5.4913044068436037        2.5825095673729266E-002
   82.792000000000044        5.4827154701088459        2.5871253899816125E-002
   83.693000000000040        5.5534908163659340        2.6099218429449084E-002
   84.594000000000037        5.5338215848708323        2.6080516911197879E-002
   85.495000000000033        5.5589298835241285        2.6175416244622711E-002
   86.396000000000029        5.5750284471357840        2.6285649325548940E-002
   87.297000000000025        5.5594393009886209        2.6164414118189400E-002
   88.198000000000022        5.5418148641824869        2.6262597168526268E-002
   89.099000000000018        5.6480714704998354        2.6426221038106747E-002
   90.000000000000014        5.5370339676500882        2.6183693764160052E-002
   90.901000000000010        5.5603733015005821        2.6271869956858637E-002
   91.802000000000007        5.6138699102453655        2.6354894603753808E-002
   92.703000000000003        5.5950978392687372        2.6334234916417718E-002
   93.603999999999999        5.6089809634423169        2.6330874389310470E-002
   94.504999999999995        5.5471513891711473        2.6136098163634672E-002
   95.405999999999992        5.5514565011653723        2.6055995753811352E-002
   96.306999999999988        5.5306786751277297        2.6107450345169970E-002
   97.207999999999984        5.5256525631339013        2.5892816447473658E-002
   98.108999999999980        5.5382796598398381        2.6020157289843165E-002
   99.009999999999977        5.5329249342884417        2.5944369478053095E-002
   99.910999999999973        5.5550608766034184        2.5887565680518997E-002
   100.81199999999997        5.5099882286011859        2.5760032155746741E-002
   101.71299999999997        5.4885599256801587        2.5605207585492271E-002
   102.61399999999996        5.4707759158666835        2.5583078614823729E-002
   103.51499999999996        5.4594437879992492        2.5414886465763314E-002
   104.41599999999995        5.4355786027510868        2.5214323653891368E-002
   105.31699999999995        5.3898834744845967        2.5036639343163473E-002
   106.21799999999995        5.4088204580979822        2.5089926948977468E-002
   107.11899999999994        5.3330175169768301        2.4705858604470683E-002
   108.01999999999994        5.3573671096493092        2.4651800025490393E-002
   108.92099999999994        5.3318261523133819        2.4529947622482676E-002
   109.82199999999993        5.3451869198003719        2.4544457198948533E-002
   110.72299999999993        5.2938108872326666        2.4365213249086089E-002
   111.62399999999992        5.2152950428582523        2.3910046727327192E-002
   112.52499999999992        5.2391574450122045        2.3923406610430388E-002
   113.42599999999992        5.1612869459132282        2.3659966587972689E-002
   114.32699999999991        5.1565212621831025        2.3504672973693568E-002
   115.22799999999991        5.1430080774592106        2.3426166264892846E-002
   116.12899999999991        5.0868808118160045        2.3166981123670407E-002
   117.02999999999990        5.0925910274709052        2.3216738152286316E-002
   117.93099999999990        5.0239265907966724        2.2724877192700617E-002
   118.83199999999989        4.9699819055226735        2.2553451899489679E-002
   119.73299999999989        4.9384927622237802        2.2385360012670153E-002
   120.63399999999989        4.8900251140100330        2.2167617886510251E-002
   121.53499999999988        4.8507689479246849        2.2008534426492473E-002
   122.43599999999988        4.7840221285441924        2.1808630258634137E-002
   123.33699999999988        4.7806035703723886        2.1628881762783159E-002
   124.23799999999987        4.7595380600238757        2.1441932551894957E-002
   125.13899999999987        4.6600273296555503        2.1192119558451569E-002
   126.03999999999986        4.6135911027537890        2.1060894779909838E-002
   126.94099999999986        4.5816425512745731        2.0743009312063153E-002
   127.84199999999986        4.4927859935240742        2.0475757704613986E-002
   128.74299999999985        4.4543880172884984        2.0410284904017577E-002
   129.64399999999986        4.4500991555521408        2.0229029889679364E-002
   130.54499999999987        4.3646982544029651        2.0004553481350728E-002
   131.44599999999988        4.2992676193179440        1.9806776589890655E-002
   132.34699999999989        4.2428845249922382        1.9451191335524837E-002
   133.24799999999991        4.2283195878254238        1.9387723788921958E-002
   134.14899999999992        4.1069345060477840        1.8957944201085417E-002
   135.04999999999993        4.0910601677662601        1.8973534000769763E-002
   135.95099999999994        3.9897666152861491        1.8589461959502521E-002
   136.85199999999995        3.9523803935206394        1.8546883459612709E-002
   137.75299999999996        3.8888633572886957        1.8267705660673886E-002
   138.65399999999997        3.7890955151125403        1.7949204001018373E-002
   139.55499999999998        3.7699730407987837        1.7836175738260018E-002
   140.45599999999999        3.6989684394892337        1.7916640450227332E-002
   141.35700000000000        3.5998549631686734        1.7424103240584337E-002
   142.25800000000001        3.5630123499119919        1.7226594836667625E-002
   143.15900000000002        3.4662010464574031        1.6985271065163756E-002
   144.06000000000003        3.3971919529493424        1.6736283871777474E-002
   144.96100000000004        3.3422937362472425        1.6660271002517400E-002
   145.86200000000005        3.2692889338670357        1.6385700114301047E-002
   146.76300000000006        3.2322804333689801        1.6490683933051982E-002
   147.66400000000007        3.1464055764993839        1.6398302290188575E-002
   148.56500000000008        3.0577446812551994        1.6126332488987136E-002
   149.46600000000009        2.9761158334836191        1.5467882640277465E-002
   150.36700000000010        2.8720744277543968        1.5497320159409817E-002
   151.26800000000011        2.8461739552029375        1.5709171734832810E-002
   152.16900000000012        2.7383922981117177        1.5000633533145877E-002
   153.07000000000014        2.6687747593788456        1.4947659517490218E-002
   153.97100000000015        2.5818398530352873        1.4617190745324669E-002
   154.87200000000016        2.4893641897331067        1.4227684843566617E-002
   155.77300000000017        2.4123520976483044        1.4277911060861041E-002
   156.67400000000018        2.3171055537317486        1.3715397653215562E-002
   157.57500000000019        2.2436820624940133        1.3572163254420013E-002
   158.47600000000020        2.1489371562038118        1.3460844101707546E-002
   159.37700000000021        2.0592865613933551        1.3236987978317141E-002
   160.27800000000022        2.0060959989540885        1.4277688623849595E-002
   161.17900000000023        1.9007100719940675        1.3368004023937103E-002
   162.08000000000024        1.8041330165151919        1.2611783488407410E-002
   162.98100000000025        1.6994914426423553        1.4769257308476034E-002
   163.88200000000026        1.6444272124978878        1.4966564842886530E-002
   164.78300000000027        1.5391818655313294        1.2903748751844966E-002
   165.68400000000028        1.4606369301872040        1.3003661288279325E-002
   166.58500000000029        1.3261235785885186        1.3029943369947866E-002
   167.48600000000030        1.2652469449307691        1.1776182194150492E-002
   168.38700000000031        1.1457871141934888        1.1734444431573855E-002
   169.28800000000032        1.1051976973088846        1.3467594975069211E-002
   170.18900000000033       0.97451829045168825        1.0760855019721212E-002
   171.09000000000034       0.87242508188911283        1.1481242633090206E-002
   171.99100000000035       0.80957664739480206        1.5024746493019447E-002
   172.89200000000037       0.72136973527057735        3.7534140450857872E-002
   173.79300000000038       0.51185042218169252        4.8350170901639792E-003
   174.69400000000039       0.41777464431464983        4.3499541300212295E-003
   175.59500000000040       0.32381916466597205        3.6952421888234019E-003
   176.49600000000041       0.24853410870566153        3.1621643249080743E-003
   177.39700000000042       0.16930247210477758        2.5607177804791628E-003
   178.29800000000043        9.4182765212716180E-002   1.8519119647686967E-003
   179.19900000000044        2.3838156663279226E-002   8.9408323697924336E-004
